epoch=0,[0.0002, 0.0002, 0.0002, 0.37507026192258813, 0.3762571405482547, 0.26262630878583243, 0.28707524143282265, 0.2481067172199979, 0.2830486492640611, 0.22830052063081308, 0.2195144964101399, 0.22366499076660226, 0.22361661134199748]
epoch=1,[0.0002, 0.0002, 0.0002, 0.41478721437224564, 0.3427971271481058, 0.22746635941059692, 0.24134822845503665, 0.21256847034531018, 0.24029454358223676, 0.18301463128672144, 0.19356153132058848, 0.1768275827261573, 0.16298289707096675]
epoch=2,[0.0002, 0.0002, 0.0002, 0.435678627724568, 0.3429547392971244, 0.20548785790644664, 0.21491090872365495, 0.19481708100442585, 0.22118653167134103, 0.18398322458721061, 0.18758805456810046, 0.17011630742578884, 0.14840533246315535]
epoch=3,[0.0002, 0.0002, 0.0002, 0.44759511832089194, 0.3586707408525988, 0.19688492244307784, 0.20551810819080388, 0.18759517089046282, 0.2148321390911557, 0.1840708691367078, 0.18244936034667014, 0.17214951809039103, 0.14158774475599156]
epoch=4,[0.0002, 0.0002, 0.0002, 0.45068517544151826, 0.3505451695992146, 0.19174756164448908, 0.1939537320425664, 0.18563688335859257, 0.20416633255857936, 0.1811083579506457, 0.18581393652636072, 0.17153062730485844, 0.1431992766049424]
epoch=5,[0.0002, 0.0002, 0.0002, 0.4521528333704779, 0.36072037097295634, 0.1832801705000104, 0.18722033569368643, 0.17904346709375618, 0.2016524883682492, 0.17964030894893465, 0.18152271507334417, 0.1728827390115362, 0.14134712477921155]
epoch=6,[0.0002, 0.0002, 0.0002, 0.4515923508826917, 0.3533138338220899, 0.17964744771170293, 0.18026442268955475, 0.178496354344724, 0.20151718164133703, 0.1826631254467672, 0.18524498437814738, 0.17665744560171684, 0.14177756679050255]
epoch=7,[0.0002, 0.0002, 0.0002, 0.46291241255020543, 0.3585711067571756, 0.1764882309683438, 0.17772889587989096, 0.17346301353138605, 0.19582286894857615, 0.1824536083099981, 0.18561230602707698, 0.17242327139809213, 0.1378495051850868]
epoch=8,[0.0002, 0.0002, 0.0002, 0.4633014036322954, 0.35742933278054423, 0.17386679426729232, 0.17543167633743123, 0.16866400065752252, 0.1922192316742494, 0.18013831722233137, 0.18425627296296196, 0.17330033346840265, 0.14071597776520925]
epoch=9,[0.0002, 0.0002, 0.0002, 0.461358566869, 0.35833190347597205, 0.16930606359171904, 0.17202938840105975, 0.16977103837281243, 0.19442548555904243, 0.18326192000822195, 0.18342633466927455, 0.1670861576922584, 0.13936891353576034]
epoch=10,[0.0002, 0.0002, 0.0002, 0.4916081756277979, 0.3608980314447258, 0.16781580611795321, 0.16547315678317687, 0.16909033704040827, 0.18865902849781638, 0.17714525451862728, 0.18088085859988828, 0.15935743695775653, 0.12838597721078138]
epoch=11,[0.0002, 0.0002, 0.0002, 0.4772105323879615, 0.3598306391323949, 0.16418798440422255, 0.159888355399313, 0.16523302567081116, 0.1816207872818167, 0.17544364259889658, 0.1841792566199107, 0.1639915314521166, 0.13646559362827537]
epoch=12,[0.0002, 0.0002, 0.0002, 0.4888314376075541, 0.3714455921095384, 0.16158243033593742, 0.16186303916810335, 0.16525391829961064, 0.1832697126048169, 0.1781259764082216, 0.18226585495934963, 0.16821871249276077, 0.13757250367173704]
epoch=13,[0.0002, 0.0002, 0.0002, 0.45822828726890474, 0.3647419146842964, 0.1577591332683767, 0.159489121086996, 0.16250920975147962, 0.18595934745812345, 0.17697349269183232, 0.18100778576659635, 0.1679959298387963, 0.13819474680488858]
epoch=14,[0.0002, 0.0002, 0.0002, 0.4861415739993619, 0.3717289979707846, 0.15743701241497157, 0.15912464631349965, 0.16469871723044222, 0.1833159367105682, 0.17288209494298276, 0.17894658487921264, 0.15695422939604325, 0.1276819465215551]
epoch=15,[0.0002, 0.0002, 0.0002, 0.4776382249636182, 0.37611850623510545, 0.15635824769266185, 0.1571759699691629, 0.1629388324882852, 0.18370211209314338, 0.17424929515539628, 0.17921170814177845, 0.15950001368363356, 0.13256641390462542]
epoch=16,[0.0002, 0.0002, 0.0002, 0.4649157136974708, 0.38056871056210423, 0.15444357956814087, 0.1505216974206548, 0.16182957056245167, 0.18204841794616458, 0.16661541968251745, 0.17341646146115805, 0.16446479142404746, 0.1381600419578814]
epoch=17,[0.0002, 0.0002, 0.0002, 0.47647225218399175, 0.38894375190669406, 0.15170164156643703, 0.15257322735179668, 0.16038270613019434, 0.18242989994328598, 0.1689668261457229, 0.17321564464004657, 0.1622934165442812, 0.133058852238952]
epoch=18,[0.0002, 0.0002, 0.0002, 0.49543742833846155, 0.3967675924192237, 0.1497340452713498, 0.1506334278324823, 0.15724898333559328, 0.1785215324201416, 0.1687889095804915, 0.17117654482765624, 0.1551748229472757, 0.12744967036320642]
epoch=19,[0.0002, 0.0002, 0.0002, 0.5003106908166203, 0.397938732811106, 0.14835939283246757, 0.1478652443284395, 0.15649998692915715, 0.17437142191798255, 0.164132889108858, 0.17464888803144243, 0.15705602892257017, 0.12593929044206975]
epoch=20,[0.0002, 0.0002, 0.0002, 0.5039287176223352, 0.3987445089438263, 0.14490936742886074, 0.14566516108822072, 0.15347419036035684, 0.17199222835107544, 0.1666618250945731, 0.17141956229438668, 0.15547954314842127, 0.12576889260734866]
epoch=21,[0.0002, 0.0002, 0.0002, 0.5003164755194441, 0.3886666116786414, 0.1441826768766815, 0.14146432832352582, 0.15154936889569084, 0.1722925491128368, 0.16486868531075954, 0.1754747953411119, 0.15429987440254356, 0.12556489170186858]
epoch=22,[0.0002, 0.0002, 0.0002, 0.49047012942406104, 0.3914284556419931, 0.1422041420625157, 0.1426121843350434, 0.15223879822023, 0.1735286152735911, 0.16497926244573638, 0.17118133991088222, 0.15797882733902877, 0.12860965650707393]
epoch=23,[0.0002, 0.0002, 0.0002, 0.5035261330201752, 0.4019018258603438, 0.14124716872787815, 0.14172813254429484, 0.15204562308236041, 0.16835015856366287, 0.16346974049679477, 0.17165110559611843, 0.15479421551929956, 0.1269130857027453]
epoch=24,[0.0002, 0.0002, 0.0002, 0.5234822782141895, 0.39955720870240385, 0.140361611196573, 0.14152173553293254, 0.15161640949357397, 0.17269987015910948, 0.16477236460553651, 0.17350633889352945, 0.14770900899184117, 0.12127874287074317]
epoch=25,[0.0002, 0.0002, 0.0002, 0.5380785243552195, 0.4009735243816649, 0.14093364968706018, 0.13987373237287265, 0.1504127445869494, 0.16781357270867928, 0.15768909000273587, 0.16850150605898234, 0.140254239893813, 0.11321691956686629]
epoch=26,[0.0002, 0.0002, 0.0002, 0.5126135398897677, 0.4205698352139527, 0.139023934433731, 0.13857042836374428, 0.14918811682393884, 0.17278220626278437, 0.156665932638445, 0.16608666617289253, 0.1436341621806898, 0.1188319904807916]
epoch=27,[0.0002, 0.0002, 0.0002, 0.512374708155307, 0.41916724317043885, 0.1373428559737808, 0.13688103320158046, 0.14715093278187863, 0.16920494813768044, 0.15478766499564744, 0.16545429641891946, 0.14238564648234037, 0.11644473472453731]
epoch=28,[0.0002, 0.0002, 0.0002, 0.5312605877553506, 0.41529574108797346, 0.13539288764068302, 0.13881778741336387, 0.1484216283615874, 0.17279638255621005, 0.15331651089430928, 0.16566837830622605, 0.1438434882120214, 0.12223508340799469]
epoch=29,[0.0002, 0.0002, 0.0002, 0.5572962823758151, 0.4144921566749262, 0.13709897983042912, 0.1348006158754386, 0.1455536340286528, 0.1671203979789496, 0.15498163764723863, 0.16642616789318856, 0.13097115058236863, 0.11139520360268597]
epoch=30,[0.0002, 0.0002, 0.0002, 0.513490500682588, 0.41404793554891844, 0.13312830081184407, 0.13256201394896458, 0.1484698383682135, 0.169568273924414, 0.15230468526898674, 0.16340171204003012, 0.14174648339551563, 0.12125939029133481]
epoch=31,[0.0002, 0.0002, 0.0002, 0.5339339722514801, 0.4168668546193074, 0.132254380137957, 0.1318438991211701, 0.14440240863168882, 0.16740570245296701, 0.1535633457517405, 0.1660511077282534, 0.13438559669409245, 0.11868112917146136]
epoch=32,[0.0002, 0.0002, 0.0002, 0.533252819847578, 0.42483733290865056, 0.12991940252750978, 0.13103945145587334, 0.1437849393268039, 0.16512514513985685, 0.15466903984292538, 0.16152716081483343, 0.13843629160278786, 0.11916893518863544]
epoch=33,[0.0002, 0.0002, 0.0002, 0.5305945415976925, 0.416203196237291, 0.12770323208470394, 0.1307682219105235, 0.1414502808933092, 0.16581430581064596, 0.15635881962874595, 0.16266327274186926, 0.13742191338705, 0.11716761260266895]
epoch=34,[0.0002, 0.0002, 0.0002, 0.5458977995244884, 0.4253605891890388, 0.12908035203412377, 0.129729221442315, 0.1420359912019843, 0.16433398802576216, 0.1535027993792693, 0.1604151211977787, 0.12871594584478566, 0.11457230568049417]
epoch=35,[0.0002, 0.0002, 0.0002, 0.5306149874513654, 0.43233320598994596, 0.12616918663559915, 0.12749262045471296, 0.1432168442376148, 0.16472819804408026, 0.15170107282016768, 0.16074138914752958, 0.13410465839155566, 0.12092513993739903]
epoch=36,[0.0002, 0.0002, 0.0002, 0.5389883082158964, 0.42230888779625586, 0.12611960109485232, 0.12712813665562572, 0.14197775001345814, 0.16365039543523782, 0.15054845691880567, 0.15924130491716884, 0.1329288616506983, 0.11744552184694979]
epoch=37,[0.0002, 0.0002, 0.0002, 0.5349953343108788, 0.4455421278518492, 0.12235907784410413, 0.12741421955055382, 0.13980088146428565, 0.16314618282209986, 0.14794098515401424, 0.1576044068286388, 0.12818670785752706, 0.11624017130161847]
epoch=38,[0.0002, 0.0002, 0.0002, 0.527594427836464, 0.436240974150464, 0.12265847008703262, 0.12607319819192211, 0.1404151049689732, 0.16448803623018415, 0.1502615098179649, 0.15790630959887533, 0.12753613090779314, 0.11841768709484717]
epoch=39,[0.0002, 0.0002, 0.0002, 0.5476487759372284, 0.4412430754179942, 0.12237841417004858, 0.12659544791506863, 0.1406158441161064, 0.1640942481079738, 0.14646480892920333, 0.1554404662913647, 0.1315860258697391, 0.11563877078650081]
epoch=40,[0.0002, 0.0002, 0.0002, 0.5549932163811918, 0.43112789431232207, 0.1195280908521773, 0.12341903224084777, 0.13758487031813235, 0.1643679834220899, 0.15026704558887627, 0.16080844984005863, 0.12992918359135266, 0.11397923392172472]
epoch=41,[0.0002, 0.0002, 0.0002, 0.5488052193293239, 0.43997891523038923, 0.11881130355420051, 0.12176387202737482, 0.13780910516719053, 0.15901355719615495, 0.1477740980346856, 0.15765653059690787, 0.1253396389668045, 0.11293014201769853]
epoch=42,[0.0002, 0.0002, 0.0002, 0.5502490871453258, 0.4322889399012436, 0.1192527428336408, 0.12377425586466846, 0.13738384622259475, 0.16264418551120266, 0.1442259722200782, 0.15368810617483628, 0.12139360657774437, 0.11327072299285226]
epoch=43,[0.0002, 0.0002, 0.0002, 0.5512760391701823, 0.4345421003124703, 0.11550716221656489, 0.12101417262458998, 0.13754231420190616, 0.1594051177343954, 0.14397498263490163, 0.15337919316085605, 0.12735371468756265, 0.11471949694636299]
epoch=44,[0.0002, 0.0002, 0.0002, 0.5643732337200124, 0.4517416113490487, 0.11680113754027162, 0.12126596273667273, 0.1374183385709728, 0.16060208021544445, 0.1478706988725236, 0.15383819268103213, 0.12213723538750629, 0.11296054719621944]
epoch=45,[0.0002, 0.0002, 0.0002, 0.5702537209538372, 0.4548950941208331, 0.1147494508257915, 0.12118110308672177, 0.13679550595391637, 0.1595521906482941, 0.1455726963028066, 0.15668405217678472, 0.12086957949458034, 0.1110889243598709]
epoch=46,[0.0002, 0.0002, 0.0002, 0.570522262185611, 0.4695571395994417, 0.11425689093187742, 0.11856353802067497, 0.1354388471167797, 0.1560323532263021, 0.1432685230340602, 0.15193457442379069, 0.12026227583740091, 0.10990683730926247]
epoch=47,[0.0002, 0.0002, 0.0002, 0.5668758189436914, 0.4547396435149606, 0.11222468025289822, 0.11910163972811631, 0.1352157290533431, 0.1607302475994316, 0.14550569963067592, 0.1543341817430638, 0.12290131600330705, 0.10918318745407878]
epoch=48,[0.0002, 0.0002, 0.0002, 0.5705676599192074, 0.45502865394630443, 0.11243308278294964, 0.11928324070179659, 0.1334057615893981, 0.15729411078737057, 0.13870959270555622, 0.15200883211676908, 0.11826329199161599, 0.11314439466306898]
epoch=49,[0.0002, 0.0002, 0.0002, 0.5649904822497845, 0.46818849393424916, 0.11248884920025247, 0.11795541307870773, 0.13446537190503713, 0.1579105089931027, 0.1409656362813329, 0.1516290950369665, 0.12116933309695106, 0.11352393968516718]
epoch=50,[0.0002, 0.0002, 0.0002, 0.5627166081493583, 0.46747568293545827, 0.1114167803577308, 0.11779352295669034, 0.1342050586303492, 0.15827395200640007, 0.13814355119800326, 0.14838259290160982, 0.1185900374075518, 0.11046753769232215]
epoch=51,[0.0002, 0.0002, 0.0002, 0.557808978488666, 0.4732715100150505, 0.10842324418575688, 0.11735483859644748, 0.13472795696730824, 0.15529406005363056, 0.14104363208251267, 0.1480939213306583, 0.11809297005619401, 0.11169752761905921]
epoch=52,[0.0002, 0.0002, 0.0002, 0.5594759447726309, 0.46379327854473906, 0.10922283051476843, 0.11701461852624498, 0.13353880508237334, 0.1551976383704206, 0.14111663977932493, 0.15321839254103725, 0.11735743936430523, 0.10897733566855294]
epoch=53,[0.0002, 0.0002, 0.0002, 0.5646594493821643, 0.4720254949122287, 0.10853298923288328, 0.11637651508135059, 0.13493332027484184, 0.15556266188420456, 0.1347670038893953, 0.1483982991485827, 0.11925379389958425, 0.11314149938713665]
epoch=54,[0.0002, 0.0002, 0.0002, 0.5847774831999814, 0.49525718487006076, 0.10941648828438197, 0.1171271064956819, 0.13395160056561276, 0.15456358273548523, 0.1385858087281025, 0.14430439277975143, 0.11300441246225626, 0.1092898598006428]
epoch=55,[0.0002, 0.0002, 0.0002, 0.5696364263438437, 0.47290846313359675, 0.1073165782203694, 0.11421559186375838, 0.1319684757302324, 0.15713308604693843, 0.14232326524452246, 0.1529038263026854, 0.1197260368875098, 0.11426200031971691]
epoch=56,[0.0002, 0.0002, 0.0002, 0.5821025063642586, 0.49131349749818465, 0.10838121299197649, 0.11458648969119099, 0.1321651241064876, 0.15375680986909138, 0.13632743016885093, 0.14217752749393547, 0.11154649316680909, 0.11123021106295723]
epoch=57,[0.0002, 0.0002, 0.0002, 0.5854298284045536, 0.47457837575915335, 0.10807220530563566, 0.11498792753785268, 0.13223167329557475, 0.15518285544111632, 0.1367794132695116, 0.14419665548257876, 0.10900614049140436, 0.10600049330991158]
epoch=58,[0.0002, 0.0002, 0.0002, 0.5823757645479967, 0.48485905558256237, 0.10577543685561802, 0.11374763876613023, 0.13171871360028345, 0.15363723502076906, 0.134477864641618, 0.14562920716659597, 0.11475837445989631, 0.10929337383570453]
epoch=59,[0.0002, 0.0002, 0.0002, 0.5688564445337524, 0.4801418883907518, 0.10548160352214969, 0.11278149659565274, 0.13173714800384537, 0.15241923488151546, 0.13597476216119672, 0.1448612706749693, 0.11093653348934972, 0.11143281051715923]
epoch=60,[0.0002, 0.0002, 0.0002, 0.5744030537304358, 0.4862789573982872, 0.1045700279741675, 0.11278520859051859, 0.1297496951630582, 0.15412783956174728, 0.13792677222216304, 0.14828468129217534, 0.10841232558888295, 0.10652440190287321]
epoch=61,[0.0002, 0.0002, 0.0002, 0.581587427562435, 0.48288867569275795, 0.10543961847840488, 0.11200009039819599, 0.13083452798671896, 0.15340422217299912, 0.1337010725024345, 0.1449369179333436, 0.11019110492244921, 0.10942515812261307]
epoch=62,[0.0002, 0.0002, 0.0002, 0.5858113801615059, 0.4818532000138038, 0.10474435746044233, 0.11223214141175575, 0.12884746873653544, 0.1486478275500763, 0.13456155000759967, 0.1425577901259087, 0.11155121994583213, 0.1085515288717073]
epoch=63,[0.0002, 0.0002, 0.0002, 0.5941821820698846, 0.4927570366815872, 0.10228616420620831, 0.11160127908225985, 0.1288233263113688, 0.15256628854342666, 0.13640250937630613, 0.14362213535812393, 0.11300288401739574, 0.11372384509334209]
epoch=64,[0.0002, 0.0002, 0.0002, 0.5905248505360764, 0.5006206523392467, 0.10301602624267385, 0.11053955977198959, 0.12915451736140554, 0.15099561107770793, 0.13632674929036617, 0.14576867242752836, 0.11234552638027175, 0.10853736835072512]
epoch=65,[0.0002, 0.0002, 0.0002, 0.5711022086212526, 0.49901955831388217, 0.10287674552463609, 0.11128270271132286, 0.1301283452218619, 0.1513198803065867, 0.1317898494511217, 0.13921994719559375, 0.11274396260010673, 0.10980915824423308]
epoch=66,[0.0002, 0.0002, 0.0002, 0.5792803659342576, 0.5031786300688759, 0.10123245935535234, 0.1105782084692007, 0.1279145486295402, 0.149610192387894, 0.1369368479959946, 0.14598971225790444, 0.1107939044788558, 0.11089358450160704]
epoch=67,[0.0002, 0.0002, 0.0002, 0.5777318486929878, 0.4975657417471039, 0.10169457057784165, 0.11080937409240088, 0.12818643576961228, 0.1505444410523732, 0.13251858603731467, 0.14225924737902282, 0.10979724341425402, 0.1099220780911262]
epoch=68,[0.0002, 0.0002, 0.0002, 0.575605542813686, 0.5014560975307513, 0.10041899155305958, 0.10941582891637686, 0.1268842796609364, 0.15011604694926042, 0.133664701605911, 0.14247110535459093, 0.1124707109188714, 0.10873071523522888]
epoch=69,[0.0002, 0.0002, 0.0002, 0.5802806260837786, 0.5131005345127437, 0.10016998667353723, 0.10991981749267861, 0.12923707451665778, 0.14993573907857713, 0.13198476712145413, 0.14049401033859604, 0.11230611894558976, 0.11077527110248446]
epoch=70,[0.0002, 0.0002, 0.0002, 0.5713920313781169, 0.4975801564311829, 0.10048956980278109, 0.10940623017254172, 0.12847037497220903, 0.14711106339025534, 0.133567841536459, 0.1413829046185652, 0.11170598555138443, 0.11166992491303847]
epoch=71,[0.0002, 0.0002, 0.0002, 0.5639094831882746, 0.5152333083561157, 0.09902469415044499, 0.10961839707772146, 0.12878761511167575, 0.14917938354825866, 0.1252766015570795, 0.1376311693038942, 0.11295833307034943, 0.11307237467364124]
epoch=72,[0.0002, 0.0002, 0.0002, 0.5865220353593756, 0.5157192738383248, 0.10030424115953149, 0.10906024324963207, 0.12683685001326556, 0.14784036969941952, 0.13157961086957887, 0.13904341030865908, 0.10787814315841317, 0.10852126926016147]
epoch=73,[0.0002, 0.0002, 0.0002, 0.5671041373783412, 0.502656143538464, 0.10004677074770073, 0.10935706297295919, 0.1270632119304773, 0.14826289629158768, 0.1318261622530834, 0.14194870683486047, 0.11079480118122416, 0.11367660943792945]
epoch=74,[0.0002, 0.0002, 0.0002, 0.5719089449245086, 0.5053544929041632, 0.099302025693378, 0.10800969090753945, 0.12606306985366916, 0.14667149398593174, 0.1326745982425681, 0.1420870349369664, 0.10714682665858781, 0.10939260806771053]
epoch=75,[0.0002, 0.0002, 0.0002, 0.5833983907149337, 0.5025719275413223, 0.09783515844052879, 0.10804492119012744, 0.12529393881168413, 0.14538002500626102, 0.1318959855876662, 0.13780206499545872, 0.11128627098719777, 0.11214310793985223]
epoch=76,[0.0002, 0.0002, 0.0002, 0.589142867010729, 0.5103345234812736, 0.0974760064171038, 0.10708462535731796, 0.12556162188904754, 0.14457958402751625, 0.13232338890528259, 0.14009953272630876, 0.11049785031455345, 0.11104919034094066]
epoch=77,[0.0002, 0.0002, 0.0002, 0.5890128596628579, 0.5111710985025009, 0.09846088710217282, 0.10750739611238465, 0.1261166439515942, 0.1451998401371793, 0.13189120475772484, 0.13768003537351714, 0.10830611310203907, 0.11004430614272202]
epoch=78,[0.0002, 0.0002, 0.0002, 0.5867184832625124, 0.5147133695053822, 0.0981827182262421, 0.10801117799092626, 0.12564513139214473, 0.14635471091501, 0.12964798873248531, 0.13749361103135294, 0.11237591271172802, 0.1096818503550906]
epoch=79,[0.0002, 0.0002, 0.0002, 0.5870564224581043, 0.518490176117313, 0.09793916418366524, 0.10744765398931735, 0.125317658539275, 0.14637696019735472, 0.1302740549112948, 0.1399436258310187, 0.10822006269543805, 0.10697485702014577]
epoch=80,[0.0002, 0.0002, 0.0002, 0.5704342539029857, 0.5182915521838676, 0.09585276696512635, 0.10739995061100155, 0.12595170678506637, 0.14555203864655306, 0.13055240414335742, 0.13619504543230765, 0.1131597794501622, 0.11456287485467775]
epoch=81,[0.0002, 0.0002, 0.0002, 0.5578674487713753, 0.5138629937776249, 0.09585463798519732, 0.10585380662260563, 0.1251567892221988, 0.14538488022681476, 0.13071163235765615, 0.1411173440770119, 0.11591702539228026, 0.11689709294922482]
epoch=82,[0.0002, 0.0002, 0.0002, 0.576456137649391, 0.5219371150760189, 0.0959355113902192, 0.10675760094674006, 0.12426140900796231, 0.14359553464349062, 0.13220826760241608, 0.13994742462738255, 0.11012193256698694, 0.11224792019577175]
epoch=83,[0.0002, 0.0002, 0.0002, 0.5676250057420631, 0.5221265147550442, 0.09576992086250742, 0.10612777600726712, 0.1255419956550918, 0.14427035654904782, 0.13098089059331697, 0.13861966371882534, 0.11310399965085703, 0.11225810954752176]
epoch=84,[0.0002, 0.0002, 0.0002, 0.578645217666651, 0.5245367842551873, 0.09597728288044101, 0.10700953489021472, 0.12458055623356012, 0.14317279133660862, 0.1298740997985899, 0.13857998565185642, 0.11223179323255256, 0.11679996795969076]
epoch=85,[0.0002, 0.0002, 0.0002, 0.5622114866044836, 0.5117989769191488, 0.09518321003971518, 0.10536582259994665, 0.12447413991483255, 0.14127218484811518, 0.13206398423629878, 0.13903927730013807, 0.10992695181735274, 0.1125772231840703]
epoch=86,[0.0002, 0.0002, 0.0002, 0.5629567951717969, 0.5198958114158178, 0.09430078501398417, 0.10548986839982255, 0.12363500073217024, 0.1420458063282173, 0.13315786654339068, 0.1395561903829629, 0.11606153386269419, 0.11765560275711666]
epoch=87,[0.0002, 0.0002, 0.0002, 0.5715663659859678, 0.529041164014293, 0.09500976322942052, 0.10618236621582079, 0.12322380852563003, 0.14193679948059515, 0.13068283314508075, 0.13857521767821582, 0.11233179617500019, 0.11532885959508761]
epoch=88,[0.0002, 0.0002, 0.0002, 0.5755288006466949, 0.5273586656769802, 0.0952378374453204, 0.10558369538482876, 0.12285498452318394, 0.1407543975563868, 0.13077997420725973, 0.13860895668576728, 0.11131033001152026, 0.1121059964896868]
epoch=89,[0.0002, 0.0002, 0.0002, 0.5666075595884934, 0.5228718070584214, 0.09406411672371259, 0.1050910654057493, 0.12290542737219198, 0.14170126432086574, 0.13275068971109222, 0.14005895591071477, 0.11397610063981573, 0.11705815257027052]
epoch=90,[0.0002, 0.0002, 0.0002, 0.5684547628732636, 0.5227951186344676, 0.09397750381363563, 0.10475228936585976, 0.12211892280777892, 0.13996401662076788, 0.1346560823333183, 0.14161047435922736, 0.10896530430107705, 0.1143156068435852]
epoch=91,[0.0002, 0.0002, 0.0002, 0.5769410229314571, 0.5347212984169396, 0.09367204333810523, 0.10466481895762673, 0.12156156976630483, 0.13830646921390446, 0.1302917340541373, 0.13698215592188992, 0.11499296099567476, 0.11678224723755397]
epoch=92,[0.0002, 0.0002, 0.0002, 0.5741640626267157, 0.5307028909483325, 0.09312680831410806, 0.10459458291519438, 0.12284689182988082, 0.13892890025918808, 0.13223383781001688, 0.140066914517304, 0.11233902085751206, 0.11462630839485011]
epoch=93,[0.0002, 0.0002, 0.0002, 0.5544552129415469, 0.5271187441638563, 0.09259762801788468, 0.1041263241734149, 0.12155667922810011, 0.13946129104354302, 0.1290044302233904, 0.13878121392066958, 0.11729379109284287, 0.1199252757228453]
epoch=94,[0.0002, 0.0002, 0.0002, 0.5649263193548798, 0.5220982624996995, 0.09284863209650702, 0.10332911448187378, 0.11985027418099065, 0.13623086575871107, 0.1318174224204455, 0.13964729846177296, 0.11456032193543716, 0.1194246884482889]
epoch=95,[0.0002, 0.0002, 0.0002, 0.5696535731485669, 0.5387676561633865, 0.09291806295681661, 0.10412293427373873, 0.12108561743156931, 0.1363271443338051, 0.13103644418805235, 0.14056942052859953, 0.1160816216039872, 0.11654203048051297]
epoch=96,[0.0002, 0.0002, 0.0002, 0.5622643954001892, 0.534288586604631, 0.09179604180559314, 0.10358788770088728, 0.12055337355043488, 0.1372034202987465, 0.13104275487240466, 0.1358922790775056, 0.12185361926936764, 0.1233257843988544]
epoch=97,[0.0002, 0.0002, 0.0002, 0.5663719130135414, 0.5333755319963197, 0.09231128232243625, 0.1024187210628922, 0.11984862388855871, 0.1361804214743213, 0.13086490049494662, 0.1379056415650463, 0.11905212130682401, 0.12005865007270312]
epoch=98,[0.0002, 0.0002, 0.0002, 0.5672173125381725, 0.5349878198823248, 0.09167714354706401, 0.10304189643737437, 0.12079488365412473, 0.13895601119337858, 0.13059717829644993, 0.13879041598531708, 0.11807715994022462, 0.12138442514042581]
epoch=99,[0.0002, 0.0002, 0.0002, 0.5765779377861895, 0.5313157521975764, 0.09187422459316755, 0.10296724320876634, 0.12066477102072522, 0.13592631784246778, 0.1292888615056984, 0.13583444713892742, 0.12201444417268954, 0.12087429117835846]
epoch=100,[0.0002, 0.0002, 0.0002, 0.5537299450118279, 0.5311504519492879, 0.09132558380768842, 0.10222132531353559, 0.12092158104805485, 0.13548648976783703, 0.13230701302062312, 0.13867385143964275, 0.1187681202864696, 0.12178554550662213]
epoch=101,[0.00019800000000000002, 0.00019800000000000002, 0.00019800000000000002, 0.5635075093633768, 0.5219957889008826, 0.0910525434026341, 0.10244711581198708, 0.12048042792620241, 0.13669373748497268, 0.13294734128204913, 0.14126950232912486, 0.1205961312330712, 0.12429766423827124]
epoch=102,[0.0002, 0.0002, 0.0002, 0.5658198845875764, 0.539629904586805, 0.09094076549754418, 0.10236073972593093, 0.11951479070011464, 0.13521186375747557, 0.13033814411303182, 0.13832124187213102, 0.11984108103581632, 0.12056983342726549]
epoch=103,[0.0002, 0.0002, 0.0002, 0.5489664234422047, 0.5396806399213678, 0.09019320648906382, 0.10199271137176871, 0.11977576584774426, 0.1341921944824652, 0.13295281634804257, 0.13688292763457038, 0.12656362700475746, 0.12737093758776316]
epoch=104,[0.0002, 0.0002, 0.0002, 0.5531507902673963, 0.5390371526333166, 0.09016204613360061, 0.1024410296454914, 0.119176737112419, 0.1349215996095623, 0.132191879350854, 0.13922255689688753, 0.12120389261854062, 0.12190259605188151]
epoch=105,[0.0002, 0.0002, 0.0002, 0.5510124956610901, 0.5285114960457342, 0.0898099682409724, 0.1031408357689495, 0.11858756175038518, 0.13371444160099152, 0.1347782449123786, 0.14220352221777413, 0.12068989583622033, 0.12584766955708324]
epoch=106,[0.0002, 0.0002, 0.0002, 0.5590542834726856, 0.5394308716114582, 0.09034087808280512, 0.10196804609624431, 0.11823433711063647, 0.13363390678967135, 0.1308013134548019, 0.1381214388717396, 0.12529538200841447, 0.12385377935182744]
epoch=107,[0.0002, 0.0002, 0.0002, 0.5517107859823568, 0.5346057449748134, 0.0901931500763282, 0.10210278918450025, 0.11898770938156873, 0.1307965594621702, 0.13272674866942227, 0.13893532342761977, 0.12332684629229547, 0.12508157377495713]
epoch=108,[0.0002, 0.0002, 0.0002, 0.5510258408266119, 0.530815382405691, 0.08949354235669305, 0.10177315430327513, 0.1190242438564549, 0.13132071969234782, 0.13441402913312772, 0.14227317402214706, 0.12679810396980667, 0.1260579474217285]
epoch=109,[0.0002, 0.0002, 0.0002, 0.5449870470129344, 0.5349982267348975, 0.08965898534727061, 0.10101323761604447, 0.11841890714626978, 0.13085400678407305, 0.1324598241284646, 0.13837230340137832, 0.12640557825604434, 0.12653900658770434]
epoch=110,[0.0002, 0.0002, 0.0002, 0.5604066035222971, 0.5384650441023453, 0.08959068954717005, 0.1016129198856931, 0.11962045919613681, 0.13271825645549007, 0.13361092756824872, 0.1387462865189835, 0.12339845828005466, 0.1252794724329189]
epoch=111,[0.0002, 0.0002, 0.0002, 0.5549197712301582, 0.5368666497228117, 0.08980598330575934, 0.10049403631414609, 0.11777091697919584, 0.13001030879555972, 0.13092075945248177, 0.13973175350302966, 0.12573956804157332, 0.12693410062941832]
epoch=112,[0.0002, 0.0002, 0.0002, 0.5354733876102064, 0.5400962270544968, 0.08910116679530809, 0.10144496961836068, 0.11716435400062594, 0.12948346117893975, 0.13237148239326174, 0.14076159351171627, 0.1304674691030535, 0.12970883606805994]
epoch=113,[0.0002, 0.0002, 0.0002, 0.5514304102293733, 0.5345351237362471, 0.08844416050695586, 0.10125889476371937, 0.11737115817728161, 0.12946225705555175, 0.1331636987359862, 0.14098085342407943, 0.12871044521978212, 0.1307791512071349]
epoch=114,[0.0002, 0.0002, 0.0002, 0.5456851921986783, 0.5384978668197341, 0.08931362479813452, 0.10181782613864457, 0.11722502305913811, 0.13086836900969764, 0.13416130223340805, 0.14172382107230722, 0.1312326501700273, 0.12944238798796148]
epoch=115,[0.0002, 0.0002, 0.0002, 0.5374649196215298, 0.5364852169056659, 0.08814734653353333, 0.10128799330225323, 0.11728822862983554, 0.12961012035094457, 0.1337341029766662, 0.13951522729050989, 0.1315715952372846, 0.12865643945105118]
epoch=116,[0.0002, 0.0002, 0.0002, 0.5467673899295895, 0.5405938877225637, 0.08813713709621326, 0.10080181522716557, 0.11718735811782294, 0.12873552317662665, 0.13509819243309917, 0.1396863042730196, 0.12785355284016975, 0.1292869666999002]
epoch=117,[0.0002, 0.0002, 0.0002, 0.543781266658046, 0.5397864271519424, 0.08845423381200349, 0.10066911199784975, 0.11595581748105328, 0.12827587538752064, 0.14034217576785335, 0.14555590931393173, 0.13141797789382278, 0.13262962450928192]
epoch=118,[0.0002, 0.0002, 0.0002, 0.5426320357267735, 0.533240713201452, 0.08845593711302645, 0.09935685335148846, 0.11581229891298503, 0.1281215760862452, 0.13512269183965414, 0.14092628818809583, 0.1342294379702952, 0.1298467855777653]
epoch=119,[0.0002, 0.0002, 0.0002, 0.5435106495040646, 0.5507651442798718, 0.0874755731860603, 0.10105646077146951, 0.11654755336580158, 0.1263208621763799, 0.12849365350981612, 0.13576801519036696, 0.13259066139226375, 0.1298253636449754]
epoch=120,[0.0002, 0.0002, 0.0002, 0.5369746387172406, 0.544406684017789, 0.08707245691739458, 0.09968705139942523, 0.11538736557942637, 0.12629531078721987, 0.13471894349897284, 0.13900007245115478, 0.13077518225939333, 0.13197885665238307]
epoch=121,[0.0002, 0.0002, 0.0002, 0.5339600872136708, 0.5413443471515912, 0.08748485633022693, 0.099825085963177, 0.1149139724995779, 0.12463437808283802, 0.13470423127897363, 0.14116571044669426, 0.13443704332731876, 0.13585876512607892]
epoch=122,[0.0002, 0.0002, 0.0002, 0.5353361974292989, 0.5501234510905113, 0.08678890696574544, 0.09965176881476678, 0.11476661410389365, 0.12495091131635602, 0.1372530902072653, 0.1404467580387595, 0.13726015564199465, 0.13334299895683419]
epoch=123,[0.0002, 0.0002, 0.0002, 0.5328015214421492, 0.5459336516778285, 0.08717890680562342, 0.09982988332444313, 0.11493301096985276, 0.12374491019473262, 0.1348941331265726, 0.14041269995059924, 0.13629986127528518, 0.13442068334635363]
epoch=124,[0.0002, 0.0002, 0.0002, 0.5320397778127951, 0.5427866545205621, 0.08672128828602663, 0.10024975240789075, 0.11596811043637535, 0.12483857559512133, 0.13136180711147757, 0.1408629496672611, 0.13749511779399068, 0.13363875127418423]
epoch=125,[0.0002, 0.0002, 0.0002, 0.527521661710346, 0.5373352662795621, 0.08682124429512239, 0.09920481263172591, 0.11532450408704098, 0.12414526726877403, 0.13656364232469267, 0.1406803828687861, 0.14117588835867537, 0.13790505339225373]
epoch=126,[0.0002, 0.0002, 0.0002, 0.526668567606981, 0.5409551776940006, 0.08619077946024499, 0.09980942234899598, 0.11336342458692805, 0.12413673786756428, 0.1359150258676223, 0.143006866793616, 0.13974819072721892, 0.1385201599848257]
epoch=127,[0.0002, 0.0002, 0.0002, 0.5339922902287393, 0.5544681665634198, 0.08633468633257914, 0.09930035609310714, 0.11400277462733471, 0.12399874368998064, 0.13738256239093494, 0.14192642494645166, 0.13946116969374747, 0.13653701861183729]
epoch=128,[0.0002, 0.0002, 0.0002, 0.5241304607210175, 0.5423123143792064, 0.08647950326484898, 0.09907539863547106, 0.11492485298902198, 0.12398564189426724, 0.13614213236257144, 0.14216582815412773, 0.1402004490783815, 0.13604156145577442]
epoch=129,[0.0002, 0.0002, 0.0002, 0.5316588043764434, 0.5481195401992353, 0.08596550543671069, 0.10050585325053339, 0.1132600742212121, 0.12324304275795527, 0.13892127925633402, 0.14308053368878462, 0.13947990999558474, 0.13466880141270124]
epoch=130,[0.0002, 0.0002, 0.0002, 0.5258627521681196, 0.5386580856072939, 0.0860432183071189, 0.09819694955566566, 0.11330793444151017, 0.12249579055533595, 0.13821193439721213, 0.14198989118135225, 0.1433450120055805, 0.13862652253398652]
epoch=131,[0.0002, 0.0002, 0.0002, 0.5285668734354951, 0.5433657134267343, 0.0859498604350183, 0.0987919216732616, 0.11273791607486076, 0.12114331421108618, 0.13612664777456016, 0.14250001240929386, 0.1410872586060321, 0.13740612301037183]
epoch=132,[0.000138, 0.000138, 0.000138, 0.5140207801935733, 0.5308624366423984, 0.0820213212998866, 0.09512272314901563, 0.11025691819914814, 0.12044892757795919, 0.12831724589799476, 0.1353082233269153, 0.14056264125983575, 0.1321873201414764]
epoch=133,[0.000136, 0.000136, 0.000136, 0.5051658600848028, 0.5370547136590667, 0.08065252573783697, 0.09609051504503305, 0.11018328675008875, 0.11999168487983397, 0.1328597934469804, 0.13988833375710777, 0.15110269409005364, 0.14054367767655288]
epoch=134,[0.000134, 0.000134, 0.000134, 0.5052980828466176, 0.5349200383901059, 0.08062079229924096, 0.0945392953849089, 0.10904781967457355, 0.11802620332648997, 0.13744709603600147, 0.14048461203436846, 0.1507135113656543, 0.14202853709297336]
epoch=135,[0.00013199999999999998, 0.00013199999999999998, 0.00013199999999999998, 0.48828030092225616, 0.5335354874695258, 0.0804083323136888, 0.09415397624104009, 0.11047209018207473, 0.11764783521407637, 0.13880964491594544, 0.14216347070581195, 0.1565103205702808, 0.14609462934416317]
epoch=136,[0.00013000000000000002, 0.00013000000000000002, 0.00013000000000000002, 0.5015562873841941, 0.5388462441056029, 0.08053110987003864, 0.09461382109353478, 0.10936487828293394, 0.1174061801843066, 0.13824997516558402, 0.14139747097976563, 0.15581626321762979, 0.14721622682599605]
epoch=137,[0.00012800000000000002, 0.00012800000000000002, 0.00012800000000000002, 0.48761704012282425, 0.5244163906053714, 0.08009245435705875, 0.09541455628085083, 0.10812138648483081, 0.11550290230522002, 0.14301484549973814, 0.1459280433708514, 0.16034869700698168, 0.15047099530931446]
epoch=138,[0.000126, 0.000126, 0.000126, 0.49088898501072686, 0.5311287320575033, 0.08019167681907428, 0.09484119510007226, 0.10826918382527143, 0.11578564161526925, 0.14055146986822495, 0.1432951146267589, 0.1625335511599278, 0.15272037680728592]
epoch=139,[0.000124, 0.000124, 0.000124, 0.47761141744510704, 0.5297183497142846, 0.07954727075826461, 0.09437691356925325, 0.1081507180522809, 0.1167602682991632, 0.14010148278452914, 0.14319193278295525, 0.1673197941575339, 0.1540181022081552]
epoch=140,[0.000122, 0.000122, 0.000122, 0.4865394593000055, 0.5282832412146914, 0.08006278434670579, 0.09371265769842593, 0.10779693610742799, 0.11487921172085552, 0.1449524903770486, 0.14735658049466147, 0.16459030288968352, 0.15212997691943192]
epoch=141,[0.00012, 0.00012, 0.00012, 0.48259118104959536, 0.5278183577311361, 0.07966228787029075, 0.0942997158668388, 0.10800090974484426, 0.1145267252275522, 0.1431372845852594, 0.14632234305584582, 0.16591669560579034, 0.15310598860705632]
epoch=142,[0.00011800000000000002, 0.00011800000000000002, 0.00011800000000000002, 0.47026932207138644, 0.5241938054539275, 0.07912869264987456, 0.0948622577601689, 0.10694874838731815, 0.11273556926484588, 0.1469902045832112, 0.14842748793464774, 0.17136104203023386, 0.1577032937918199]
epoch=143,[0.00011600000000000001, 0.00011600000000000001, 0.00011600000000000001, 0.4752393907670496, 0.527511039773921, 0.07930450214874529, 0.09424140732148956, 0.10674118563376445, 0.1131003731037902, 0.145400143588713, 0.14720082129987105, 0.17015294577909643, 0.15497178579729493]
epoch=144,[0.00011400000000000002, 0.00011400000000000002, 0.00011400000000000002, 0.47847000949609764, 0.5271659785493471, 0.07931131488647776, 0.09400557845864428, 0.10745598512074758, 0.11261520917336086, 0.14670217485548273, 0.14569207926796027, 0.16984667172138837, 0.15449098343060336]
epoch=145,[0.00011200000000000001, 0.00011200000000000001, 0.00011200000000000001, 0.46521612719215194, 0.5192017513264467, 0.07914983700106348, 0.09410072766478987, 0.10716530010997802, 0.11511129633742741, 0.14893966000890177, 0.15061530668143255, 0.17317556367832412, 0.15991767153501332]
epoch=146,[0.00011000000000000002, 0.00011000000000000002, 0.00011000000000000002, 0.4663543655429555, 0.5181176608269182, 0.07901836369560844, 0.09427542869990198, 0.10677484721448022, 0.11286416529458591, 0.14931896480702345, 0.15039283408318413, 0.17449860046080118, 0.15736289011144164]
epoch=147,[0.00010800000000000001, 0.00010800000000000001, 0.00010800000000000001, 0.46920286890292456, 0.5225434139359748, 0.07853832575066694, 0.09491595067921607, 0.10620503459890922, 0.11203858314984028, 0.14954404113465164, 0.14797099749662396, 0.17508833082686032, 0.15811848769598325]
epoch=148,[0.00010600000000000002, 0.00010600000000000002, 0.00010600000000000002, 0.4674975237567564, 0.5206571070832023, 0.07862440066347862, 0.09297132881908403, 0.1065599137506653, 0.11195762148839065, 0.1514314291021344, 0.14979899434213606, 0.17632156002825347, 0.1565569003742339]
epoch=149,[0.00010400000000000001, 0.00010400000000000001, 0.00010400000000000001, 0.4652248696581847, 0.5193299153733111, 0.07853439135820434, 0.09333147397865241, 0.10616919202548543, 0.11152361454009295, 0.15020514286585387, 0.14907674025325315, 0.17570709444671825, 0.1583860138126801]
epoch=150,[0.00010200000000000001, 0.00010200000000000001, 0.00010200000000000001, 0.4643281156244664, 0.5164585858639301, 0.07825493612892177, 0.09370023556991942, 0.10580617902630093, 0.11018042741943782, 0.15000138496156262, 0.15069382865054495, 0.17641618237949383, 0.1561920789811855]
epoch=151,[0.0001, 0.0001, 0.0001, 0.4627571293729535, 0.5165615926763375, 0.07837775003058889, 0.09449874332127185, 0.10576903000697382, 0.11099555019171967, 0.15106863307318408, 0.15013445797481056, 0.17510612942753123, 0.15787835322694665]
epoch=152,[9.8e-05, 9.8e-05, 9.8e-05, 0.4657821735029278, 0.5138724584919938, 0.07813171890453956, 0.09259181373335164, 0.10596882593517808, 0.1108752845450007, 0.15155842391050783, 0.15083003096349504, 0.1790143039798004, 0.1585741914847846]
epoch=153,[9.6e-05, 9.6e-05, 9.6e-05, 0.4668023767175971, 0.5133474015001057, 0.07776417067159956, 0.09418363203161928, 0.1055852176434454, 0.10903630551436673, 0.15262581068307518, 0.1500993516055987, 0.17726332545308382, 0.15871293895153227]
epoch=154,[9.4e-05, 9.4e-05, 9.4e-05, 0.4622538729809571, 0.509243503497771, 0.07788307820705102, 0.09376903152235712, 0.1052103393908026, 0.10883634815319278, 0.15560179772455876, 0.1520047554022994, 0.17672935087300803, 0.1605460231040215]
epoch=155,[9.2e-05, 9.2e-05, 9.2e-05, 0.4611805468306191, 0.5116889372054694, 0.0778168693318896, 0.09411433803802845, 0.10479316560515221, 0.10996485798657388, 0.1555010129849816, 0.14966808013461608, 0.17813485584918526, 0.16091504193300651]
epoch=156,[8.999999999999999e-05, 8.999999999999999e-05, 8.999999999999999e-05, 0.45929253437015966, 0.5082662358399721, 0.07752953416694408, 0.09238686087796802, 0.10475894836136426, 0.1099276598905963, 0.1540030516506727, 0.15254269746820565, 0.18192361397989865, 0.15899940699093168]
epoch=157,[8.8e-05, 8.8e-05, 8.8e-05, 0.4598413622104514, 0.5077427525179408, 0.0774866016539766, 0.09216238143316273, 0.1049453491677364, 0.10929713965110156, 0.15604659834963228, 0.152253071080776, 0.18017988175159316, 0.1591273127654302]
epoch=158,[8.600000000000002e-05, 8.600000000000002e-05, 8.600000000000002e-05, 0.4611233928013241, 0.5017152364453723, 0.07745844303634482, 0.09260881932611498, 0.10486403326580729, 0.10863806370148683, 0.1560929869643707, 0.15419294229098435, 0.1794096046313085, 0.16031366890796211]
epoch=159,[8.400000000000001e-05, 8.400000000000001e-05, 8.400000000000001e-05, 0.4634013914655352, 0.5107933135460252, 0.07732176299819882, 0.09365329861004223, 0.1044628751175157, 0.10836632284747696, 0.15580398695909234, 0.15144573062982247, 0.1791327712496092, 0.1594357301328873]
epoch=160,[8.200000000000001e-05, 8.200000000000001e-05, 8.200000000000001e-05, 0.45810393076473804, 0.5049307454528211, 0.07706632470290388, 0.09195614137269299, 0.10431873233153902, 0.10937555156636988, 0.15784640163965133, 0.15390225140743705, 0.18063694089818663, 0.15905226131473882]
epoch=161,[8e-05, 8e-05, 8e-05, 0.45493627977424833, 0.5110073422474125, 0.07724537810581601, 0.09178464713393301, 0.10448819114316975, 0.10763091225082103, 0.155765304389386, 0.1507403612977405, 0.18352421271758548, 0.16062684602912577]
epoch=162,[7.800000000000001e-05, 7.800000000000001e-05, 7.800000000000001e-05, 0.44892726157201285, 0.5041603829370982, 0.07696682644234426, 0.09269271870848836, 0.10456943072132889, 0.10857257512544674, 0.15795757115233516, 0.15313810160079191, 0.1824941732117842, 0.16171880580088321]
epoch=163,[7.6e-05, 7.6e-05, 7.6e-05, 0.4596560361950115, 0.5077076976311796, 0.07699628654347992, 0.09239896692927631, 0.1042689538659944, 0.10725342797888987, 0.15619581946726147, 0.1498974715980856, 0.17936877176483934, 0.15876360960874422]
epoch=164,[7.4e-05, 7.4e-05, 7.4e-05, 0.44920450505958326, 0.502347471988362, 0.07693306205869614, 0.09277532623055904, 0.10409143288665894, 0.1078231234795999, 0.15836348892168617, 0.15181133068673525, 0.18355716743982625, 0.16171746161616948]
epoch=165,[7.2e-05, 7.2e-05, 7.2e-05, 0.4488108717575334, 0.5031183829651155, 0.07675964089537757, 0.0929149597592797, 0.10432697901840153, 0.10779637509937408, 0.15715177632963237, 0.15201679860120235, 0.18216032793569467, 0.16155771637332628]
epoch=166,[7e-05, 7e-05, 7e-05, 0.45789256742198964, 0.5036147157515006, 0.07676294010210744, 0.09298822771607042, 0.10379321530818761, 0.10628795989047642, 0.15846531480310605, 0.15068267995416224, 0.18369624431550816, 0.1597864111687156]
epoch=167,[6.8e-05, 6.8e-05, 6.8e-05, 0.44867769565651083, 0.5011935579399208, 0.0766504721288783, 0.0915850484003683, 0.10395736602795445, 0.10592804797764482, 0.15873816150702771, 0.15225757249649138, 0.18485645876535545, 0.16138143195300134]
epoch=168,[6.599999999999999e-05, 6.599999999999999e-05, 6.599999999999999e-05, 0.4517997684127566, 0.5023467814189562, 0.07652822934716627, 0.09310840742978109, 0.10389056629773559, 0.10706176719665975, 0.15827036620644125, 0.15123735595427487, 0.18488569777302521, 0.15975976224731783]
epoch=169,[6.4e-05, 6.4e-05, 6.4e-05, 0.4445107705176234, 0.4956449689469237, 0.07630464669758233, 0.09303881096440009, 0.10389087844020066, 0.10751547844524773, 0.15923568774908334, 0.15266246169336375, 0.18457366557822547, 0.16098886647022914]
epoch=170,[6.200000000000002e-05, 6.200000000000002e-05, 6.200000000000002e-05, 0.4478323723802502, 0.5019766452374577, 0.0762154231856073, 0.09075511352478832, 0.10359515896209444, 0.10642490427901988, 0.15829704737785025, 0.14963367898882865, 0.18525135809223334, 0.16047335952112654]
epoch=171,[6.0000000000000015e-05, 6.0000000000000015e-05, 6.0000000000000015e-05, 0.4424526964885363, 0.49752493981255225, 0.07611049253582909, 0.09178434962174971, 0.10361044105795816, 0.106524590595529, 0.15869510112500665, 0.15151556977245403, 0.18723142397976753, 0.1643128570426127]
epoch=172,[5.800000000000001e-05, 5.800000000000001e-05, 5.800000000000001e-05, 0.44107873098871697, 0.4958863764487464, 0.0760273481656363, 0.09201880450872914, 0.10343336984459339, 0.10670665631453316, 0.159923509641577, 0.15123683151354764, 0.18771156275887851, 0.16350204092373644]
epoch=173,[5.6000000000000006e-05, 5.6000000000000006e-05, 5.6000000000000006e-05, 0.448626019149974, 0.49753743527398475, 0.07616358220080162, 0.09172174263594747, 0.10359693476385709, 0.10721549870672523, 0.16152003443362875, 0.15148608009519426, 0.18449540324564995, 0.16056377427565907]
epoch=174,[5.4000000000000005e-05, 5.4000000000000005e-05, 5.4000000000000005e-05, 0.44017984892340795, 0.4947220732302948, 0.0759450390968455, 0.09318267710987238, 0.10367870321874319, 0.1070243695435272, 0.1603319075648328, 0.15259357549898003, 0.1877895271631776, 0.16380153714806245]
epoch=175,[5.2000000000000004e-05, 5.2000000000000004e-05, 5.2000000000000004e-05, 0.4396156390187801, 0.49805645488280764, 0.07582301415525365, 0.09147302772028783, 0.1034689069246647, 0.10572390118404397, 0.16009145265241256, 0.15227460728838169, 0.18899030195803254, 0.16216302252021328]
epoch=176,[5e-05, 5e-05, 5e-05, 0.43770270192551647, 0.49035944360709083, 0.07591624721337384, 0.09252333601118475, 0.10321596272937629, 0.10557607079910553, 0.16284229206773027, 0.1517465822957177, 0.18844760806094493, 0.1652079883745049]
epoch=177,[4.8e-05, 4.8e-05, 4.8e-05, 0.44272940398111515, 0.49316753975968847, 0.07581243773495061, 0.09123924749622728, 0.10324437546821638, 0.10433956125619887, 0.16012815174659242, 0.15120580753331062, 0.18594027579394817, 0.16114890136277077]
epoch=178,[4.6e-05, 4.6e-05, 4.6e-05, 0.4395294275576028, 0.49145271515716676, 0.07570915201028203, 0.09220793833495348, 0.10298645463695322, 0.10458191812340019, 0.16181362103782537, 0.15163287378546, 0.18923275467466333, 0.16363517648779202]
epoch=179,[4.4e-05, 4.4e-05, 4.4e-05, 0.4390767123522251, 0.4907083561730528, 0.07559181852726966, 0.09157495513402003, 0.10279270524865594, 0.10546568489872266, 0.16158779513096433, 0.15103318763972223, 0.18883497160028617, 0.16265848804002758]
epoch=180,[4.2e-05, 4.2e-05, 4.2e-05, 0.44578476411023776, 0.48899995141301017, 0.07560318847769115, 0.09046678905510741, 0.10308810675061536, 0.10394932599975609, 0.16171931076621723, 0.15142733023140295, 0.1865085405877036, 0.15693830210307816]
epoch=181,[3.999999999999999e-05, 3.999999999999999e-05, 3.999999999999999e-05, 0.4344865395457133, 0.48896500733548376, 0.0755286487363938, 0.09095145457017904, 0.10310984727671033, 0.10332526030323316, 0.16095491643363927, 0.15174266545735915, 0.1906726577443474, 0.16397398104681737]
epoch=182,[3.799999999999999e-05, 3.799999999999999e-05, 3.799999999999999e-05, 0.4350290149338599, 0.48393772698860654, 0.07554631197693823, 0.0913813777429902, 0.10313990396046746, 0.10500707210640589, 0.16254432650067951, 0.15131459494346175, 0.19143944038175928, 0.16203883392498947]
epoch=183,[3.6000000000000014e-05, 3.6000000000000014e-05, 3.6000000000000014e-05, 0.43282795428805265, 0.48928407918120076, 0.07542954477575095, 0.09215943098090577, 0.10281594004342402, 0.10391931463105568, 0.16251214784660797, 0.14842217274546354, 0.19058461806344532, 0.16399410259498023]
epoch=184,[3.4000000000000007e-05, 3.4000000000000007e-05, 3.4000000000000007e-05, 0.43167134655871314, 0.4872421228579585, 0.07534108769896998, 0.09205800920412101, 0.10291391506377814, 0.10433524559116525, 0.16203230417946513, 0.1505200939889679, 0.1935650930255428, 0.1639376392733233]
epoch=185,[3.2000000000000005e-05, 3.2000000000000005e-05, 3.2000000000000005e-05, 0.4363254749703443, 0.4845366896181807, 0.07533606906551338, 0.09084440360049616, 0.10300645452813766, 0.10360481528316749, 0.16206667855845533, 0.15062560126844465, 0.19160038961105977, 0.16101563937481733]
epoch=186,[3.0000000000000008e-05, 3.0000000000000008e-05, 3.0000000000000008e-05, 0.4297625143220578, 0.4865152864665285, 0.07517019350282747, 0.09173809621633887, 0.10283282002911664, 0.10306522513514962, 0.1623295110662927, 0.14844049121262967, 0.19356175214666566, 0.1637914225674127]
epoch=187,[2.8000000000000003e-05, 2.8000000000000003e-05, 2.8000000000000003e-05, 0.425087033607613, 0.4838684491835523, 0.07518261723008113, 0.09177834159419544, 0.10282628907580516, 0.10436893484626396, 0.16194217486901843, 0.14907219033336444, 0.1916943354339435, 0.1645565662348735]
epoch=188,[2.6000000000000002e-05, 2.6000000000000002e-05, 2.6000000000000002e-05, 0.4290609521263543, 0.48363452835910503, 0.07509275293745647, 0.09104858329058856, 0.10279871077127364, 0.10236613231821397, 0.16353147371352345, 0.14910317271824988, 0.192092954964451, 0.16240657390426214]
epoch=189,[2.4e-05, 2.4e-05, 2.4e-05, 0.42244343189285255, 0.4816902106881946, 0.0750148703205934, 0.09072838553871172, 0.10299009611101254, 0.10415167392495422, 0.1625776952174471, 0.14867911653137994, 0.19616917242481746, 0.16602311966971478]
epoch=190,[2.2e-05, 2.2e-05, 2.2e-05, 0.4207099629328705, 0.48504057128926265, 0.07492005009472236, 0.09259022707803764, 0.10278646088578086, 0.10403078770183999, 0.16221632795461427, 0.14734312030731112, 0.19512176160551217, 0.16736520799170101]
epoch=191,[1.9999999999999995e-05, 1.9999999999999995e-05, 1.9999999999999995e-05, 0.4184237345606981, 0.4809891612765318, 0.07465298393529332, 0.09092708204142348, 0.10261194113485828, 0.1041788977464873, 0.15756932601421894, 0.14326730910354032, 0.19426690243898395, 0.16188291933186755]
epoch=192,[0.00019666666666666666, 0.00019666666666666666, 0.00019666666666666666, 0.8135821769337455, 2.3364946687828283, 0.20918171635332578, 0.17321516771962542, 0.4183932832347419, 0.16618677929133, 4.658161455374992, 2.2646170768239897, 0.1321902602944456, 0.14250224279407078]
epoch=193,[0.00019333333333333333, 0.00019333333333333333, 0.00019333333333333333, 0.6965767045220929, 0.5109148753617339, 0.10709389861293896, 0.11621015793281401, 0.16054886244906635, 0.1147401419853022, 0.224872337219244, 0.2154107570737422, 0.08720481546852224, 0.0793599499623754]
epoch=194,[0.00019, 0.00019, 0.00019, 0.6064417157879847, 0.506665214182374, 0.09506405024471397, 0.10171432529916306, 0.13493627956705892, 0.10526135764614551, 0.18665003156412147, 0.17754067444872712, 0.12212427577260368, 0.10784646875397888]
epoch=195,[0.0001866666666666667, 0.0001866666666666667, 0.0001866666666666667, 0.5576642050357636, 0.525616937679445, 0.09027609753305327, 0.09620259972121901, 0.12931364654245492, 0.10371624448609923, 0.16244988136751923, 0.1551555814054198, 0.1441301104952832, 0.12744517245157036]
epoch=196,[0.00018333333333333334, 0.00018333333333333334, 0.00018333333333333334, 0.5304687423798853, 0.5491193896996047, 0.0872898674876747, 0.09065179404116676, 0.12295809504157769, 0.10109456171264905, 0.14008668421985146, 0.13432452278936693, 0.15622640107786226, 0.1374373672429673]
epoch=197,[0.00018, 0.00018, 0.00018, 0.5194502071349206, 0.5623934191322613, 0.08584697872489512, 0.08971007491746348, 0.11802432744089, 0.10107168196114952, 0.12760969080744747, 0.12032985845636465, 0.16390930639278745, 0.14591655599142977]
epoch=198,[0.00017666666666666666, 0.00017666666666666666, 0.00017666666666666666, 0.5091490847264936, 0.579607601026575, 0.08471056766540347, 0.08815149465453125, 0.11654693062255482, 0.10093885405870255, 0.11621853614415595, 0.11133142232805669, 0.16735041856453448, 0.14911766339115753]
epoch=199,[0.00017333333333333334, 0.00017333333333333334, 0.00017333333333333334, 0.4963670669201605, 0.5974029209799395, 0.08388262049122128, 0.08781135283009021, 0.11275569409756603, 0.10002735982130388, 0.10611752122863681, 0.10358502617674674, 0.17000250192637928, 0.14953538111806985]
epoch=200,[0.00017, 0.00017, 0.00017, 0.48429174881852316, 0.6030126397838136, 0.08356569774315029, 0.08819655433832528, 0.11437806257320021, 0.10078263450079336, 0.10012408680544642, 0.1015804551854105, 0.17564771905496807, 0.15382936531064395]
epoch=201,[0.0001666666666666667, 0.0001666666666666667, 0.0001666666666666667, 0.4844243531812451, 0.624240244755488, 0.08175524267295521, 0.0872916503513823, 0.10689982472957965, 0.1014840198669605, 0.09050144683458135, 0.092668809978191, 0.17403787945558924, 0.15440596349002]
epoch=202,[0.00016333333333333334, 0.00016333333333333334, 0.00016333333333333334, 0.48184352948101694, 0.6296724386200934, 0.08144253213516252, 0.0883117200371748, 0.10751605198947256, 0.10041325006210161, 0.09355649310805483, 0.0911140450594311, 0.17671013987082207, 0.15609008695060264]
epoch=203,[0.00016, 0.00016, 0.00016, 0.4727258961536213, 0.6161624360048842, 0.08090801632957544, 0.08716268819606232, 0.10493129059047757, 0.09986139606394454, 0.09184230580747485, 0.09271326371117267, 0.17935109331445423, 0.15852210213413495]
epoch=204,[0.00015666666666666666, 0.00015666666666666666, 0.00015666666666666666, 0.47420091659366015, 0.6235264681591959, 0.07986541187201074, 0.08843366081218519, 0.10189494573159846, 0.0989876025674229, 0.08983283085068186, 0.09107498775520724, 0.17835196328466524, 0.15774143822937312]
epoch=205,[0.00015333333333333334, 0.00015333333333333334, 0.00015333333333333334, 0.4735486404802985, 0.6032207662652352, 0.07918102884230142, 0.08886444139221829, 0.10091160973924362, 0.10023650689842459, 0.0957191718218034, 0.09827948733048882, 0.17832111743485143, 0.15697769402431513]
epoch=206,[0.00015000000000000001, 0.00015000000000000001, 0.00015000000000000001, 0.4621028042660502, 0.5841247193113772, 0.07915081271154438, 0.08899248850916675, 0.10064006862258483, 0.10008013011988051, 0.10288925185621142, 0.10434394006332952, 0.1793546994958452, 0.15914863267701543]
epoch=207,[0.0001466666666666667, 0.0001466666666666667, 0.0001466666666666667, 0.464122474193573, 0.5714268264120924, 0.07909798870855819, 0.08962183178006532, 0.10088156487145823, 0.10112456118542991, 0.10847905023904618, 0.1097229284284536, 0.18313454503115423, 0.16091680192126484]
epoch=208,[0.00014333333333333334, 0.00014333333333333334, 0.00014333333333333334, 0.46667146397208026, 0.5616398920377571, 0.07859252873964295, 0.09104801834878808, 0.10123343005062577, 0.10105615294354404, 0.11627915310868603, 0.11617010290885044, 0.18219357620768561, 0.15863190360456528]
epoch=209,[0.00014, 0.00014, 0.00014, 0.4571814388929013, 0.5446973417155043, 0.07824150839831658, 0.09151478165281034, 0.10123360264087151, 0.1012513940027374, 0.1224196009494052, 0.12321268598699642, 0.18432579180616104, 0.16146559711032643]
epoch=210,[0.00013666666666666666, 0.00013666666666666666, 0.00013666666666666666, 0.4589563259286081, 0.5406330010134303, 0.0781880540962883, 0.09065053240580116, 0.10174412628312311, 0.09881130916005124, 0.13081921247798883, 0.12818984543447365, 0.18293812643446608, 0.1590680492272277]
epoch=211,[0.00013333333333333337, 0.00013333333333333337, 0.00013333333333333337, 0.4600407941612655, 0.5311560132010968, 0.07795606387366434, 0.09083140181924054, 0.10190992543618836, 0.10218176502221359, 0.1357125541206427, 0.1346725518341193, 0.18387787274927078, 0.1609044519258652]
epoch=212,[0.00013000000000000002, 0.00013000000000000002, 0.00013000000000000002, 0.4541184155348532, 0.5202255159794927, 0.0777121673778681, 0.09190759673982324, 0.10197378619166905, 0.09998754833540517, 0.141030228300812, 0.1383348878383815, 0.18651128778914491, 0.16092597481287169]
epoch=213,[0.00012666666666666666, 0.00012666666666666666, 0.00012666666666666666, 0.4581157430381832, 0.5192658845892923, 0.07787371069906715, 0.0917602584524426, 0.10221059615918976, 0.09965210642197175, 0.1467242703778658, 0.1424996495179966, 0.18497616412887674, 0.15833762042715163]
epoch=214,[0.00012333333333333334, 0.00012333333333333334, 0.00012333333333333334, 0.4501150077331566, 0.5109604065289755, 0.07763834955717275, 0.09189282228311378, 0.10235059647235328, 0.10058414929373535, 0.15118830300822944, 0.14564404045482596, 0.1857497456098745, 0.161403562538995]
epoch=215,[0.00012, 0.00012, 0.00012, 0.45615602690659596, 0.5049510478616475, 0.07775656388191406, 0.09290182958552223, 0.10244387861140473, 0.09974039263443318, 0.15459415901028467, 0.14974978067605438, 0.1852662309580399, 0.16112644046901942]
epoch=216,[0.00011666666666666665, 0.00011666666666666665, 0.00011666666666666665, 0.44461501501277534, 0.4963842494759017, 0.0774228021190195, 0.09210239196876566, 0.10223598066650465, 0.10014856490724815, 0.15867538351989435, 0.15288082422119773, 0.18716229241854415, 0.16270534725424773]
epoch=217,[0.00011333333333333334, 0.00011333333333333334, 0.00011333333333333334, 0.4523114166752307, 0.49622162926696733, 0.07748867434165078, 0.0910630066639292, 0.1024384781004426, 0.0991541575305833, 0.1594306757216325, 0.15317987038302208, 0.1869886836516643, 0.15938231212917917]
epoch=218,[0.00011000000000000002, 0.00011000000000000002, 0.00011000000000000002, 0.44015646096832023, 0.48298778193082637, 0.07722792555829008, 0.09148911480418222, 0.10210044595028112, 0.09976635179566053, 0.1649714583073726, 0.15664424773997176, 0.1884614545517339, 0.16381878657879945]
epoch=219,[0.00010666666666666667, 0.00010666666666666667, 0.00010666666666666667, 0.44347013622343895, 0.4812645520011108, 0.07707001014562424, 0.09139847336058131, 0.10212333578460231, 0.09999273177570925, 0.16600911040416735, 0.1587655627040449, 0.186986360197028, 0.16110940780602173]
epoch=220,[0.00010333333333333333, 0.00010333333333333333, 0.00010333333333333333, 0.44009978466940497, 0.47966948187279845, 0.07708930950277224, 0.09117405063020968, 0.1022164323506598, 0.09977904642502705, 0.1667925580934493, 0.15851513202675802, 0.18674401377890995, 0.16359196157155637]
epoch=221,[0.0001, 0.0001, 0.0001, 0.43856945812345266, 0.4752557027839615, 0.07713909820837532, 0.09046254717482778, 0.10225636322430508, 0.10015722705486292, 0.16803680107131333, 0.15930794100249243, 0.19071065029965903, 0.162468748401382]
epoch=222,[9.666666666666667e-05, 9.666666666666667e-05, 9.666666666666667e-05, 0.4437532067120432, 0.4748176396071554, 0.077022275982235, 0.09091848665904143, 0.10227641487817564, 0.09921504650822656, 0.16869573641992258, 0.1596099537111328, 0.18746403244485754, 0.16108599880676783]
epoch=223,[9.333333333333334e-05, 9.333333333333334e-05, 9.333333333333334e-05, 0.4394358486204804, 0.4678213818076842, 0.07698501755823632, 0.08974622682986146, 0.10233347037595189, 0.0997048870933627, 0.1702372849456029, 0.1612943248700596, 0.18992820538268118, 0.15980193768432754]
epoch=224,[8.999999999999999e-05, 8.999999999999999e-05, 8.999999999999999e-05, 0.43564631151938865, 0.47475900295787227, 0.07679303832530618, 0.09040912229590073, 0.102185021372077, 0.09965044503172714, 0.1695546495901075, 0.15859060620744073, 0.1907441271524765, 0.163952133980786]
epoch=225,[8.666666666666667e-05, 8.666666666666667e-05, 8.666666666666667e-05, 0.43675070733367327, 0.466137751847684, 0.0766407607268252, 0.09040218259313863, 0.10216274199460795, 0.09945061379028651, 0.17155689977020203, 0.16096475983629682, 0.19107709066596573, 0.16294248573883566]
epoch=226,[8.333333333333333e-05, 8.333333333333333e-05, 8.333333333333333e-05, 0.4394904171635291, 0.46607504017695695, 0.07664782416722375, 0.09171315159894035, 0.1020281738908348, 0.10026448632696432, 0.1733655858071086, 0.16087505374170705, 0.19159516663162293, 0.1610058550081567]
epoch=227,[8e-05, 8e-05, 8e-05, 0.4341422167723764, 0.4675560839875729, 0.07660367946603341, 0.08985925171368137, 0.10241832947748863, 0.09930036799190287, 0.17022395562269016, 0.15890943691759052, 0.19112838193506537, 0.16209852229246122]
epoch=228,[7.666666666666667e-05, 7.666666666666667e-05, 7.666666666666667e-05, 0.43968690967488433, 0.4647328478847435, 0.07666649306917976, 0.08951000777814916, 0.10232784065925432, 0.09879787761472657, 0.17281670838282137, 0.16103652184327205, 0.18989075451509324, 0.16061903335555586]
epoch=229,[7.333333333333334e-05, 7.333333333333334e-05, 7.333333333333334e-05, 0.43217166490897446, 0.46813808042489125, 0.0764810055226623, 0.08975166279800281, 0.10202262773663698, 0.09869053770235912, 0.17104020728144104, 0.159219741464375, 0.19219382804355578, 0.16340337758381923]
epoch=230,[7e-05, 7e-05, 7e-05, 0.4351858918716808, 0.4632116648965253, 0.07625052876056668, 0.09042418559645107, 0.1023575664905017, 0.09883504227071466, 0.17341600090800646, 0.15946672131826065, 0.1899459074937298, 0.16158205353303584]
epoch=231,[6.666666666666668e-05, 6.666666666666668e-05, 6.666666666666668e-05, 0.4302119891979023, 0.46371399481853326, 0.07625068423009204, 0.09046664209422951, 0.10202931376274474, 0.10030000917836578, 0.17303104393050342, 0.15902447566657724, 0.19162533945309188, 0.1646342233358743]
epoch=232,[6.333333333333333e-05, 6.333333333333333e-05, 6.333333333333333e-05, 0.4346540726408987, 0.45715527156155983, 0.07615592774606036, 0.09043804840547238, 0.10199345088379826, 0.09772630076030057, 0.17583641677559492, 0.160279043911103, 0.19161601872099732, 0.16130031616298737]
epoch=233,[6.0000000000000015e-05, 6.0000000000000015e-05, 6.0000000000000015e-05, 0.43282654087343614, 0.46258228205278246, 0.076227825380371, 0.08985007925706352, 0.10206682152466146, 0.09883726078146945, 0.17251230259899963, 0.15829008587909316, 0.19149887494876713, 0.16045752884875872]
epoch=234,[5.666666666666667e-05, 5.666666666666667e-05, 5.666666666666667e-05, 0.4392288946462962, 0.46264862425313025, 0.07618738891568012, 0.09024884803834075, 0.10205976363873767, 0.09806449347716606, 0.17208215641136654, 0.15788166867401784, 0.19099704032306541, 0.1597616558303376]
epoch=235,[5.333333333333335e-05, 5.333333333333335e-05, 5.333333333333335e-05, 0.42849998809620293, 0.4585347194336132, 0.07602416121674155, 0.08967633958080572, 0.10199243474952475, 0.09775473518732065, 0.17381489271309206, 0.15873746718921347, 0.1929358364846892, 0.16311829793685212]
epoch=236,[5e-05, 5e-05, 5e-05, 0.4245975190650917, 0.4547825182626347, 0.0759144907449177, 0.09000704263498684, 0.10179785063523732, 0.09735420062959552, 0.17638272833369092, 0.1592605419144659, 0.1937089611603293, 0.16472042479111762]
epoch=237,[4.666666666666666e-05, 4.666666666666666e-05, 4.666666666666666e-05, 0.42637939046242995, 0.4565109853259104, 0.07586949838403456, 0.08907187457926972, 0.10195078593706657, 0.09918240268162624, 0.1734091554751653, 0.1596211627973411, 0.1941787855376205, 0.1623207691633059]
epoch=238,[4.3333333333333334e-05, 4.3333333333333334e-05, 4.3333333333333334e-05, 0.42375715380300305, 0.45987797506198197, 0.07575171538991128, 0.08996358337605785, 0.10188687557053423, 0.09913800708101896, 0.17345307936925375, 0.15688022828387643, 0.19407615782748797, 0.16373162725549972]
epoch=239,[3.999999999999999e-05, 3.999999999999999e-05, 3.999999999999999e-05, 0.4227696012950943, 0.4592515282823654, 0.0757609106667206, 0.08997215572633073, 0.10192763767467287, 0.09735143675418671, 0.17175816618530693, 0.1572441127887386, 0.19319008926520803, 0.16342152030525092]
epoch=240,[3.666666666666667e-05, 3.666666666666667e-05, 3.666666666666667e-05, 0.42284552467440417, 0.45769973750599846, 0.07575237218982088, 0.08923568874374478, 0.10177468941240253, 0.09660032583389454, 0.17310558911970633, 0.15599501884715286, 0.19574606931673552, 0.1629393492674756]
epoch=241,[3.333333333333333e-05, 3.333333333333333e-05, 3.333333333333333e-05, 0.4207263896743694, 0.4541611339517696, 0.07567639400189866, 0.08832581484032248, 0.10190675684256469, 0.09816183932794782, 0.1727495750155813, 0.15789236465167855, 0.1972731437400251, 0.16420721035160704]
epoch=242,[3.0000000000000008e-05, 3.0000000000000008e-05, 3.0000000000000008e-05, 0.4192270533053461, 0.45817009453288093, 0.07567497214558952, 0.09131483753730436, 0.10202660188525023, 0.09838351034029515, 0.1743303923505152, 0.15527755189352407, 0.19566353496364847, 0.16526258710080277]
epoch=243,[2.6666666666666663e-05, 2.6666666666666663e-05, 2.6666666666666663e-05, 0.4226665656545205, 0.4548076668720759, 0.07562431738806699, 0.08842939900200882, 0.10204634344774093, 0.09584576516094322, 0.1730863905238534, 0.15642222530113722, 0.19213018885361935, 0.1612030173579376]
epoch=244,[2.333333333333334e-05, 2.333333333333334e-05, 2.333333333333334e-05, 0.4250391893936488, 0.4551264999690884, 0.07561928637236535, 0.0882307479079969, 0.10203947735849969, 0.09786355941595432, 0.17103030129954844, 0.15582238615094546, 0.19489002421855212, 0.15964377310104713]
epoch=245,[1.9999999999999995e-05, 1.9999999999999995e-05, 1.9999999999999995e-05, 0.411818666461699, 0.45638945297209804, 0.07548911791450963, 0.08910959967953003, 0.10198152045200685, 0.09777924709557416, 0.1728059125249971, 0.1542429072994315, 0.19830424477998726, 0.1670518148311241]
epoch=246,[1.6666666666666674e-05, 1.6666666666666674e-05, 1.6666666666666674e-05, 0.414366101076503, 0.450850521019119, 0.07548924500936877, 0.08914945569045529, 0.10185682554980238, 0.09804502959379893, 0.17337620512632554, 0.1548444697421468, 0.19735178068101764, 0.16522719398765506]
epoch=247,[1.3333333333333332e-05, 1.3333333333333332e-05, 1.3333333333333332e-05, 0.41638993226482485, 0.4524288043647469, 0.07543495606385663, 0.08778177263092495, 0.10187238769349224, 0.09867684652437707, 0.1717427201836766, 0.1552441821706866, 0.19403679440255295, 0.16145171956744736]
epoch=248,[1.000000000000001e-05, 1.000000000000001e-05, 1.000000000000001e-05, 0.41518926254646504, 0.4502670106416691, 0.07548194445535808, 0.08959136089075825, 0.10181592850984927, 0.09834317789373997, 0.17352426884149363, 0.15529848983187874, 0.1976418078258009, 0.1637915830590768]
epoch=249,[6.666666666666666e-06, 6.666666666666666e-06, 6.666666666666666e-06, 0.41096276178688346, 0.45108416435604326, 0.07543538369149148, 0.08922316216512355, 0.10181066787573034, 0.09875655966158399, 0.17162407230875806, 0.15432872188216198, 0.19693625448438937, 0.164834853574009]
